[.#...] (0,2,3,4) (0,1,3,4) (0,3,4) {220,13,8,220,220}
[....###..] (0,2,3,4,5,6,7) (0,2,3,4,7) (5,6) (2,7,8) (0,1,2,3,6,7,8) (0,1,2,3,4,5,6,7) (4,8) (2,4,5,6,7,8) (1,4) {30,31,60,30,46,40,51,60,42}
[###.#.##] (1,2,3,6,7) (0,1,3,4,6,7) (1,2,4,6,7) (3,4,6) (0,1,2,4,5,6,7) (0,5) (0,1,2,3,4,6) (0,1,3,4) (0,1,5) {50,67,39,36,44,30,48,43}
[##.##] (0,2,4) (1,2,3,4) (0,1,2,4) (0,3,4) {211,20,215,30,228}
[###.#.###] (1,3) (0,1,3,4,5,6,7,8) (5,7) (0,2,4,5,6,7) (2,4,7) (0,6) (0,1,3,7) (0,3,8) (0,1,3,4) (1,2,3,4,6,7,8) {68,52,20,69,42,28,41,54,41}
[...#] (2,3) (1,2,3) (0) (1,2) (0,1,3) {33,26,12,23}
[..##..#] (0,3,5) (1,2,4,5,6) (0,2,3,5,6) (0,2) (1,4,6) {43,4,27,39,4,43,23}
[.###..####] (0,2,3,4,7,9) (0,3,5,6,7,8,9) (0,2,3,4,5,6,7) (1,2,3,4) (4,7) (1,2,5,7,9) (0,1,3,4,5,6,7,8) (0,2,3,4,5,6,7,9) (0,2,5,6,8,9) (2,3,4,7,8,9) {51,35,69,62,70,67,47,93,39,52}
[##.....###] (0,1,2,3,4,5,8,9) (2,4,5,6) (0,1,3,4,6,7,8) (0,1,3,5,7) (0,4,6,9) (1,2,3,4,5,6,7,8) (3,4,5,6) (0,1,3,5,6,8,9) {37,24,12,42,56,38,54,20,17,24}
[#####] (0,3) (1,2,3) (0,1,2) (1,2) (0,1,4) (1,4) (0,1,3) {39,40,24,26,10}
[#..###...] (1,2,3,8) (1,4,5,6,7,8) (2,4) (2,3) (0,2,4,7) (0,1,2,3,4,6,7,8) (0,1,2,3,4,5,6,8) {35,41,88,56,55,23,23,20,41}
[##..####] (0,1,3,4,5,6) (0,2,5,6) (0,6) (4,5,7) (0,1,3,4,5,7) (1,3,6) (3,7) (1,2) (1,2,4,6) {40,50,25,45,30,38,46,37}
[.#####..] (0,5,7) (1,6,7) (0,4) (1,2,3,4,5,7) (0,1,2,5,6,7) (2,5,6) (0,3,4,6) (0,1,2,3,4,7) (2,4,5,7) (0,2,4,5) {44,36,47,25,50,54,13,56}
[##.#] (0,1,3) (0,1,2,3) {29,29,18,29}
[###.] (0,1,3) (2,3) (1,3) (1,2) {2,33,21,28}
[.###..##.] (5,8) (0,2,3,4,5,6,7) (0,2,3,5,7,8) (1,2,4,6,8) (3,6) (1,3,5,7,8) (1,4,8) {28,39,36,55,40,56,36,46,58}
[.#....#.#] (0,1,2,4,5,6,7) (0,2,3,4,5,6,8) (1,5,7,8) (1,2,3,5,8) (1,7,8) (0,3,4,5,8) (1,2,5,6,7) (0,1,2,3,4,5) (1,3,4,6,7) (1,2,3,4,5,6,8) (3,8) {20,60,39,48,35,56,40,46,47}
[.#.#.#] (4,5) (1,2,4) (0,1,2,3) (0,5) (0,2,3,4) (3,4) (1,2,3,4) (0) {33,17,31,30,47,10}
[#.###...] (0,2,3,4,7) (1,2) (0,5,7) (0,2,3,4,6,7) (0,2,3,4,5) (0,3,4,6) (1,3,4,6) {20,12,22,23,23,9,13,4}
[#.#.] (0,2) (1,3) {20,8,20,8}
[##.#.#..] (0,1,3,4) (0,2,7) (0,1,3,4,5,7) (5,7) (2,4,6,7) (1,4) (0,1,2,4,5,6) (2,3,4,5,6,7) {36,42,30,39,60,39,25,40}
[....#] (2,3) (0,3,4) (1,2,4) (1,2) {17,20,30,27,20}
[.#.#] (1,3) (0,1,2) {5,20,5,15}
[#.###.] (3) (0,1,2,3) (0,4) (0,5) (1,4) (2,3,5) (0,3,4,5) {50,25,14,40,40,35}
[......#] (0,2,3,4) (3,5) (0,1,2) (0,1) (1,2,4,5,6) (1,2,4,6) (1,4,5) (0,2,5,6) (0,1,3,5) {39,47,27,21,28,25,12}